0 0 0.9929708333333332 0.9984375 0.9979166666666667 0.9984375 0.8546791666666667 0.9745296874999999 0.84135 0.7208640625 0.83801875 0.6933734375 0.8280208333333333 0.5146828125 0.8213562499999999 0.4959390625 0.8363520833333333 0.172296875 0.8363520833333333 0.12231406250000001 0.8146916666666667 0 0.7816666666666666 0 0.9929708333333332
2 0.0523375 0.7797041666666666 0.3097515625 0.7330520833333334 0.47719531249999997 0.6880666666666666 0.5334265625 0.6797354166666667 0.679628125 0.6730708333333334 0.6783781249999999 0.6630729166666666 0.5146828125 0.66640625 0.35598593749999996 0.7013958333333333 0.1110671875 0.7613749999999999 0.03125 0.77125 0.0523375 0.7797041666666666
2 0.7208640625 0.6930645833333333 0.9984375 0.2465375 0.9984375 0.19988541666666665 0.7196140625 0.67806875 0.6996203125 0.6647395833333333 0.6946218749999999 0.67806875 0.7208640625 0.6930645833333333
2 0.6885375 0.8357604166666667 0.6994421875 0.8349041666666667 0.6986687500000001 0.68578125 0.689178125 0.6860729166666667 0.6885375 0.8357604166666667
2 0.7103484375 0.8400375 0.7218953124999999 0.8400375 0.7218953124999999 0.6963375 0.7147125 0.6943374999999999 0.7103484375 0.8400375
2 0.7469140624999999 0.8434583333333333 0.764234375 0.8374708333333333 0.7620390625 0.6665291666666667 0.744346875 0.6646895833333333 0.7469140624999999 0.8434583333333333
2 0.812346875 0.8434583333333333 0.8335156250000001 0.8374708333333333 0.8213968749999999 0.5766895833333333 0.8091390625000001 0.5782979166666667 0.812346875 0.8434583333333333
2 0.9632968749999999 0.8346312499999999 0.994790625 0.8469833333333334 0.9706359375 0.37095625 0.9466234375000001 0.38381666666666664 0.9632968749999999 0.8346312499999999
2 0.7168984375 0.8025187500000001 0.9984375 0.6086062499999999 0.9984375 0.5801999999999999 0.71875 0.7864625000000001 0.7039296875 0.760525 0.7168984375 0.8025187500000001
2 0.663171875 0.82845625 0.6752140625 0.8235145833333333 0.6671671875 0.6983625 0.6566875 0.6987687499999999 0.663171875 0.82845625
2 0.500140625 0.8222791666666667 0.5075515625 0.7012395833333334 0.4992140625 0.7012395833333334 0.4922671875 0.8280895833333334 0.500140625 0.8222791666666667
2 0.3204359375 0.830925 0.3287734375 0.8296916666666667 0.3335828125 0.7354291666666666 0.3250671875 0.7395270833333334 0.3204359375 0.830925
2 0.1546265625 0.8358666666666666 0.1620375 0.8321604166666667 0.1667921875 0.7709479166666667 0.14906875 0.7741104166666666 0.1546265625 0.8358666666666666
2 0.16759531249999998 0.830925 0.187046875 0.8321604166666667 0.3473 0.8012833333333333 0.49736250000000004 0.7642291666666666 0.6636921874999999 0.7508729166666667 0.500140625 0.7518791666666667 0.16759531249999998 0.830925