1 0.23125 0.6291666666666667 0.83125 0.55 0.7765625 0.5145833333333333 0.6640625 0.48541666666666666 0.55625 0.44583333333333336 0.5015625 0.42083333333333334 0.496875 0.41041666666666665 0.4734375 0.40625 0.4078125 0.3625 0.34375 0.3458333333333333 0.284375 0.30625 0.2484375 0.29791666666666666 0.21875 0.27291666666666664 0.053125 0.26458333333333334 0.003125 0.2708333333333333 0 0.6520833333333333 0.23125 0.6291666666666667
2 0.0265625 0.15 0.04375 0.13125 0.2 0.14791666666666667 0.4984375 0.10833333333333334 0.496875 0.13333333333333333 0.5 0.11666666666666667 0.5171875 0.10208333333333333 0.6234375 0.08541666666666667 0.6421875 0.075 0.5234375 0.09166666666666666 0.496875 0.09791666666666667 0.4953125 0.10625 0.4828125 0.10625 0.48125 0.1 0.240625 0.13333333333333333 0.0453125 0.12291666666666666 0.0203125 0.12916666666666668 0.0265625 0.2375 0.0265625 0.15
2 0.7234375 0.06458333333333334 0.7296875 0.08125 0.73125 0.06875 0.7203125 0.05625 0.678125 0.06458333333333334 0.6640625 0.07291666666666667 0.7234375 0.06458333333333334
2 0.4765625 0.18125 0.4890625 0.18125 0.4890625 0.20416666666666666 0.5015625 0.21458333333333332 0.5078125 0.17083333333333334 0.496875 0.1125 0.4921875 0.17291666666666666 0.4765625 0.18125
2 0.34375 0.20208333333333334 0.359375 0.22395833333333334 0.3640625 0.24583333333333332 0.3625 0.14375 0.3546875 0.13958333333333334 0.35625 0.17916666666666667 0.34375 0.20208333333333334
2 0.2265625 0.14166666666666666 0.190625 0.13958333333333334 0.1984375 0.15416666666666667 0.2015625 0.26875 0.20625 0.26666666666666666 0.209375 0.22291666666666668 0.2046875 0.21875 0.203125 0.18229166666666666 0.2296875 0.1375 0.2546875 0.13958333333333334 0.2609375 0.13125 0.26484375 0.1375 0.3 0.13541666666666666 0.35625 0.11875 0.4109375 0.12291666666666666 0.4421875 0.10833333333333334 0.2953125 0.125 0.228125 0.13541666666666666 0.2265625 0.14166666666666666
2 0.028125 0.21875 0.025 0.16666666666666666 0.0296875 0.12708333333333333 0.021875 0.13333333333333333 0.021875 0.2 0.028125 0.21875
2 0.4703125 0.11458333333333333 0.478125 0.10416666666666667 0.46875 0.10416666666666667 0.4515625 0.10833333333333334 0.4703125 0.11458333333333333
2 0.625 0.15 0.621875 0.09583333333333334 0.6171875 0.09375 0.6203125 0.18958333333333333 0.625 0.15
2 0.725 0.15208333333333332 0.7296875 0.1625 0.73125 0.06666666666666667 0.7171875 0.058333333333333334 0.7265625 0.07916666666666666 0.725 0.15208333333333332
2 0.1982421875 0.23177083333333334 0.28125 0.21744791666666666 0.3994140625 0.19661458333333334 0.7275390625 0.12890625 0.7255859375 0.11848958333333333 0.5146484375 0.17057291666666666 0.1982421875 0.22265625 0.033203125 0.21223958333333334 0.1982421875 0.23177083333333334