1 0 0.9979166666666667 0.9984375 0.9979166666666667 0.9984375 0.60625 0.928125 0.575 0.9078125 0.5604166666666667 0.9 0.54375 0.890625 0.5520833333333334 0.8546875 0.5333333333333333 0.7734375 0.51875 0.725 0.4875 0.415625 0.49166666666666664 0.3984375 0.5041666666666667 0.3921875 0.5 0.2953125 0.5333333333333333 0.2640625 0.5291666666666667 0.23125 0.55 0.2125 0.55 0.11875 0.5916666666666667 0.1046875 0.5958333333333333 0.0953125 0.5875 0.0796875 0.6104166666666667 0.046875 0.6145833333333334 0.0359375 0.6270833333333333 0.0171875 0.6291666666666667 0 0.65625 0 0.9979166666666667
2 0.0796875 0.5770833333333333 0.0953125 0 0.05625 0.004166666666666667 0.0546875 0.16458333333333333 0.046875 0.21666666666666667 0.0390625 0.6125 0.0796875 0.5770833333333333
2 0.3140625 0.5145833333333333 0.3203125 0.5083333333333333 0.3203125 0.22916666666666666 0.315625 0.19583333333333333 0.3046875 0.18125 0.303125 0.16666666666666666 0.303125 0.5104166666666666 0.3140625 0.5145833333333333
2 0.0984375 0.25 0.2375 0.3104166666666667 0.278125 0.31875 0.103125 0.2375 0.096875 0.2375 0.0984375 0.25
2 0.2125 0 0.3109375 0.13333333333333333 0.3875 0.22083333333333333 0.39375 0.48541666666666666 0.403125 0.47291666666666665 0.4013671875 0.23697916666666666 0.43359375 0.3151041666666667 0.4296875 0.484375 0.4541015625 0.484375 0.4359375 0.30833333333333335 0.4015625 0.21666666666666667 0.24375 0 0.2125 0
2 0.390625 0.3645833333333333 0.3359375 0.3375 0.3234375 0.3125 0.321875 0.34791666666666665 0.390625 0.3645833333333333
2 0.4203125 0.41458333333333336 0.4328125 0.45 0.4359375 0.43125 0.4 0.36875 0.4015625 0.3875 0.4203125 0.41458333333333336
2 0.303125 0.33541666666666664 0.303125 0.32708333333333334 0.290625 0.3229166666666667 0.2921875 0.33125 0.303125 0.33541666666666664
2 0.8473783562499999 0.3907718125 0.928125 0.36875 0.9125 0.36666666666666664 0.8515625 0.38333333333333336 0.8473783562499999 0.3907718125
2 0.8328125 0.39375 0.8296875 0.3875 0.7171875 0.41875 0.7140625 0.42291666666666666 0.721875 0.425 0.8462797625 0.39107142916666665 0.840625 0.3854166666666667 0.8328125 0.39375
2 0.4828125 0.3770833333333333 0.4828125 0.35833333333333334 0.5 0.32708333333333334 0.693359375 0.328125 0.6923828125 0.4140625 0.6328125 0.42916666666666664 0.684375 0.4270833333333333 0.6984375 0.44166666666666665 0.703125 0.48541666666666666 0.709375 0.46875 0.7109375 0.42083333333333334 0.7015625 0.3333333333333333 0.7125 0.31875 0.9328125 0.25833333333333336 0.9921875 0.23958333333333334 0.9984375 0.23125 0.8390625 0.26666666666666666 0.7234375 0.3020833333333333 0.4859375 0.31666666666666665 0.48125 0.3229166666666667 0.478125 0.3625 0.4828125 0.3770833333333333
2 0.4912109375 0.44140625 0.6318359375 0.4296875 0.4794921875 0.4309895833333333 0.4859375 0.3416666666666667 0.4796875 0.33125 0.4875 0.3229166666666667 0.4828125 0.32083333333333336 0.478125 0.3333333333333333 0.478125 0.46799166666666664 0.48238958125 0.47988131875 0.4912109375 0.44140625