1 0.4078125 0.4895833333333333 0.4234375 0.4979166666666667 0.534375 0.4979166666666667 0.6109375 0.4791666666666667 0.6609375 0.48333333333333334 0.675 0.4708333333333333 0.7125 0.4666666666666667 0.74375 0.45 0.5171875 0.39791666666666664 0.475 0.37916666666666665 0.44375 0.38125 0.4359375 0.3729166666666667 0.4140625 0.37083333333333335 0.40625 0.375 0.4078125 0.4895833333333333
1 0.325 0.4666666666666667 0.3828125 0.48333333333333334 0.375 0.35833333333333334 0.3234375 0.3375 0.3109375 0.33958333333333335 0.3046875 0.33125 0.2328125 0.31666666666666665 0.2359375 0.42083333333333334 0.325 0.4666666666666667
1 0.209375 0.39375 0.2078125 0.32083333333333336 0.2015625 0.30625 0.1328125 0.3 0.134375 0.3729166666666667 0.209375 0.39375
1 0.0703125 0.3333333333333333 0.109375 0.35625 0.1078125 0.30625 0.1 0.29791666666666666 0.065625 0.29791666666666666 0.0609375 0.3104166666666667 0.0703125 0.3333333333333333
2 0.2125 0.38333333333333336 0.21875 0.41041666666666665 0.23125 0.4125 0.225 0.25 0.2203125 0.24166666666666667 0.2125 0.24375 0.2046875 0.25 0.2125 0.38333333333333336
2 0.2015625 0.175 0.209375 0.19375 0.20625 0.24375 0.221875 0.22291666666666668 0.21875 0.14375 0.2109375 0.11458333333333333 0.20625 0.125 0.2015625 0.14791666666666667 0.2015625 0.175
2 0.040625 0.125 0.3515625 0.075 0.3703125 0.12291666666666666 0.3828125 0.48125 0.3875 0.49166666666666664 0.4046875 0.4895833333333333 0.39375 0.11875 0.3859375 0.06875 0.3515625 0.05625 0.00625 0.11666666666666667 0 0.12291666666666666 0.040625 0.125
2 0.1125 0.3625 0.1296875 0.3645833333333333 0.1328125 0.3375 0.1203125 0.15416666666666667 0.1125 0.13125 0.1015625 0.125 0.096875 0.14791666666666667 0.1125 0.3625
2 0.31875 0.2708333333333333 0.25 0.25625 0.234375 0.24375 0.2078125 0.25 0.165625 0.24166666666666667 0.1796875 0.25416666666666665 0.31875 0.2708333333333333
2 0.346875 0.2875 0.3765625 0.28125 0.3234375 0.27708333333333335 0.3203125 0.28125 0.346875 0.2875
2 0.0421875 0.29583333333333334 0.0625 0.3548604166666667 0.06875 0.44583333333333336 0.0765625 0.46458333333333335 0.0859375 0.46875 0.084375 0.35208333333333336 0.0796875 0.3416666666666667 0.0671875 0.3375 0.0625 0.3125 0.0515625 0.1375 0.05 0.12916666666666668 0.034375 0.13333333333333333 0.03125 0.16666666666666666 0.0421875 0.29583333333333334
2 0.28125 0.17916666666666667 0.3453125 0.16666666666666666 0.23125 0.17083333333333334 0.221875 0.17708333333333334 0.28125 0.17916666666666667
2 0.1942708328125 0.18055555625 0.2046875 0.17708333333333334 0.1984375 0.175 0.1942708328125 0.18055555625
2 0.1734375 0.1875 0.1921875 0.18125 0.1265625 0.18125 0.1734375 0.1875