0 0 0.9979166666666667 0.9984375 0.9979166666666667 0.9984375 0.55 0.7890625 0.4979166666666667 0.7484375 0.475 0.728125 0.475 0.6859375 0.4583333333333333 0.6421875 0.42916666666666664 0.5765625 0.41875 0.5328125 0.3854166666666667 0.5375 0.3375 0.5296875 0.32708333333333334 0.53125 0.31875 0.509375 0.3375 0.5 0.32916666666666666 0.5015625 0.32083333333333336 0.4734375 0.32708333333333334 0.4703125 0.31875 0.459375 0.325 0.3859375 0.30625 0.3390625 0.3229166666666667 0.290625 0.31875 0.2171875 0.35833333333333334 0.2109375 0.3541666666666667 0.125 0.38333333333333336 0.0171875 0.40208333333333335 0 0.4083333333333333 0 0.44166666666666665 0.0046875 0.45 0.0359375 0.44583333333333336 0.2513015625 0.3854166666666667 0.05 0.5125 0 0.5375 0 0.9979166666666667
2 0.0625 0.16458333333333333 0.09375 0.15 0.128125 0.15 0.2703125 0.11458333333333333 0.40625 0.11666666666666667 0.4234375 0.11458333333333333 0.425 0.10833333333333334 0.2765625 0.10208333333333333 0.0421875 0.15833333333333333 0.04375 0.16666666666666666 0.0625 0.16458333333333333
2 0.4625 0.11875 0.4890625 0.11458333333333333 0.4890625 0.10625 0.4453125 0.10625 0.4625 0.11875
2 0.00625 0.17708333333333334 0.03125 0.17083333333333334 0.0359375 0.1625 0.003125 0.16875 0 0.175 0.00625 0.17708333333333334
2 0.79375 0 0.790625 0.020833333333333332 0.6328125 0 0.55 0.10833333333333334 0.5125 0.10625 0.5078125 0.19791666666666666 0.5078125 0.3333333333333333 0.5227859375 0.14496458333333334 0.5455734375 0.13541666666666666 0.5421875 0.37916666666666665 0.5484375 0.38125 0.5598953125 0.13975625 0.6087234375 0.09895833333333333 0.6046875 0.39791666666666664 0.6171875 0.4041666666666667 0.621875 0.38958333333333334 0.6256515625 0.08767291666666667 0.7740890625 0.04600625 0.7765625 0.225 0.7578125 0.44166666666666665 0.7671875 0.45208333333333334 0.784375 0.45416666666666666 0.80625 0.19583333333333333 0.8234375 0.16458333333333333 0.9984375 0.0875 0.9984375 0.06875 0.81875 0.15416666666666667 0.8125 0.11458333333333333 0.821875 0 0.79375 0
2 0.703125 0.21666666666666667 0.7734375 0.1875 0.778125 0.17708333333333334 0.628125 0.23541666666666666 0.63125 0.24166666666666667 0.703125 0.21666666666666667
2 0.575 0.2625 0.609375 0.24375 0.5578125 0.2604166666666667 0.55625 0.26666666666666666 0.575 0.2625
2 0.26875 0.32708333333333334 0.2625 0.31666666666666665 0.2546875 0.15833333333333333 0.2484375 0.13958333333333334 0.253125 0.325 0.26875 0.32708333333333334
2 0.015625 0.3333333333333333 0.01875 0.3854166666666667 0.0234375 0.3875 0.0296875 0.3854166666666667 0.0296875 0.37083333333333335 0.0109375 0.2125 0.0015625 0.18125 0 0.25416666666666665 0.015625 0.3333333333333333
2 0.2203125 0.2375 0.21897321406249998 0.2392857145833333 0.2484375 0.23333333333333334 0.2203125 0.2375
2 0.21897321406249998 0.2392857145833333 0.1453125 0.25416666666666665 0.13742378125000002 0.2629319104166667 0.2125 0.24791666666666667 0.21897321406249998 0.2392857145833333
2 0.1296875 0.25625 0.0936848953125 0.2716796875 0.1350543484375 0.2634057979166667 0.1296875 0.25625
2 0.0936848953125 0.2716796875 0.0517857140625 0.2800595229166667 0.0859375 0.275 0.0936848953125 0.2716796875
2 0.4625 0.22708333333333333 0.353125 0.22083333333333333 0.3 0.22708333333333333 0.4625 0.22708333333333333
2 0.2875 0.22708333333333333 0.271875 0.225 0.2625 0.22916666666666666 0.2875 0.22708333333333333