0 0.9984375 0.9979166666666667 0.9984375 0.6208333333333333 0.990625 0.6125 0.85625 0.5645833333333333 0.6359375 0.5125 0.521875 0.4708333333333333 0.4671875 0.4375 0.409375 0.42916666666666664 0.378125 0.4041666666666667 0.328125 0.3375 0.10625 0.3375 0.003125 0.36875 0 0.9979166666666667 0.9984375 0.9979166666666667
2 0.00625 0.13333333333333333 0.1046875 0.11666666666666667 0.2328125 0.12916666666666668 0.325 0.12916666666666668 0.3171875 0.11875 0.0984375 0.10625 0.0015625 0.125 0 0.13333333333333333 0.00625 0.13333333333333333
2 0.4875 0 0.3859375 0.125 0.3484375 0.12083333333333333 0.3484375 0.13333333333333333 0.3890625 0.14375 0.5125 0 0.4875 0
2 0.5515625 0.22291666666666668 0.553125 0.23125 0.575 0.22291666666666668 0.58125 0.24166666666666667 0.5703125 0.44166666666666665 0.584375 0.46041666666666664 0.5921875 0.4479166666666667 0.5984375 0.3 0.6125 0.19791666666666666 0.60625 0.16875 0.6171875 0.010416666666666666 0.6171875 0 0.5921875 0.0020833333333333333 0.578125 0.2125 0.5515625 0.22291666666666668
2 0.4296875 0.26875 0.440625 0.2994791666666667 0.4390625 0.4125 0.45 0.41458333333333336 0.4578125 0.11458333333333333 0.4515625 0.10833333333333334 0.44375 0.11458333333333333 0.440625 0.25833333333333336 0.4296875 0.26875
2 0.4875 0 0.3859375 0.125 0.346875 0.12083333333333333 0.34375 0.15833333333333333 0.34375 0.3375 0.3484375 0.35 0.359375 0.1484375 0.3782546875 0.14670208333333334 0.378125 0.3875 0.3875 0.39375 0.390625 0.14583333333333334 0.5109375 0 0.4875 0
2 0.0828125 0.32708333333333334 0.0859375 0.29791666666666666 0.0765625 0.15416666666666667 0.06875 0.14166666666666666 0.0765625 0.325 0.0828125 0.32708333333333334
2 0.309375 0.32083333333333336 0.3078125 0.16458333333333333 0.3015625 0.15208333333333332 0.303125 0.3 0.309375 0.32083333333333336
2 0.615625 0.20833333333333334 0.646875 0.19791666666666666 0.9671875 0.0625 0.9984375 0.04583333333333333 0.9984375 0.027083333333333334 0.89375 0.07083333333333333 0.8859375 0.08333333333333333 0.8484375 0.08958333333333333 0.6109375 0.2 0.609375 0.20625 0.615625 0.20833333333333334
2 0.5765625 0.22291666666666668 0.5796875 0.2125 0.4578125 0.25625 0.5046875 0.25 0.5765625 0.22291666666666668
2 0.990625 0.05 0.9609375 0.041666666666666664 0.959375 0.052083333333333336 0.990625 0.05
2 0.653125 0.19166666666666668 0.6640625 0.1875 0.6578125 0.18125 0.653125 0.18125 0.653125 0.19166666666666668
2 0.4421875 0.26458333333333334 0.396875 0.275 0.3921875 0.2791666666666667 0.4421875 0.26458333333333334
2 0.621875 0.20625 0.61875 0.19791666666666666 0.60625 0.2 0.621875 0.20625