0 0.003125 0.6895833333333333 0.03125 0.675 0.065625 0.6791666666666667 0.334375 0.6416666666666667 0.2953125 0.5770833333333333 0.2234375 0.5854166666666667 0.20625 0.5958333333333333 0.1765625 0.5916666666666667 0.1614578125 0.6020833333333333 0.146875 0.59375 0.0875 0.5979166666666667 0.0765625 0.6104166666666667 0.00625 0.63125 0 0.6416666666666667 0.003125 0.6895833333333333
0 0 0.9979166666666667 0.9984375 0.9979166666666667 0.9984375 0.8395833333333333 0.9875 0.8333333333333334 0.715625 0.75625 0.5421875 0.7270833333333333 0.459375 0.7 0.4234375 0.6791666666666667 0.38125 0.675 0.3390625 0.65 0.059375 0.6833333333333333 0.0375 0.7125 0 0.7333333333333333 0 0.9979166666666667
2 0.8546875 0.7333333333333333 0.8890625 0.7520833333333333 0.89375 0.74375 0.9 0.6083333333333333 0.9078125 0.33958333333333335 0.9765625 0.3125 0.9984375 0.29375 0.9984375 0.2875 0.975 0.2916666666666667 0.928125 0.31875 0.9109375 0.29791666666666666 0.921875 0 0.8765625 0.004166666666666667 0.86875 0.33125 0.8609375 0.3458333333333333 0.8671875 0.37916666666666665 0.8546875 0.7333333333333333
2 0.809375 0.37916666666666665 0.8453125 0.3541666666666667 0.740625 0.38958333333333334 0.546875 0.47291666666666665 0.5421875 0.48333333333333334 0.809375 0.37916666666666665
2 0.40625 0.65625 0.4125 0.6 0.4109375 0.41875 0.40625 0.41041666666666665 0.4015625 0.41875 0.4 0.55625 0.40625 0.65625
2 0.403125 0.3729166666666667 0.484375 0.28541666666666665 0.51875 0.29791666666666666 0.515625 0.6791666666666667 0.5328125 0.6895833333333333 0.5390625 0.4791666666666667 0.534375 0.47291666666666665 0.5359375 0.30625 0.53125 0.3020833333333333 0.528125 0.2375 0.734375 0.014583333333333334 0.7390625 0 0.7 0.004166666666666667 0.3609375 0.38958333333333334 0.34375 0.4166666666666667 0.403125 0.3729166666666667
2 0.465625 0.5104166666666666 0.5109375 0.49375 0.5125 0.48541666666666666 0.4171875 0.5166666666666667 0.4203125 0.5229166666666667 0.465625 0.5104166666666666
2 0.3984375 0.525 0.3828125 0.525 0.375 0.5333333333333333 0.3984375 0.525
2 0.3140625 0.6020833333333333 0.31875 0.5229166666666667 0.3265625 0.5125 0.3171875 0.4895833333333333 0.321875 0.47708333333333336 0.31875 0.4166666666666667 0.3453125 0.41875 0.3453125 0.40625 0.309375 0.4 0.3078125 0.5916666666666667 0.3140625 0.6020833333333333
2 0.3296875 0.5145833333333333 0.3421875 0.5291666666666667 0.34375 0.55625 0.3515625 0.5708333333333333 0.3484375 0.48333333333333334 0.3390625 0.5208333333333334 0.3296875 0.5145833333333333
2 0.27734375 0.421875 0.2669265625 0.421875 0.2688796875 0.49652708333333334 0.06966093749999999 0.50868125 0.0553390625 0.43663124999999997 0.0481765625 0.44357708333333334 0.056640625 0.6145833333333334 0.064453125 0.5885416666666666 0.0598953125 0.51649375 0.2649734375 0.5034729166666667 0.267578125 0.57725625 0.2786453125 0.5763895833333332 0.27734375 0.421875
2 0.2877609375 0.40017291666666666 0.08333281249999999 0.39930625000000003 0.072265625 0.4088541666666667 0.29296875 0.40972291666666666 0.2903640625 0.39756874999999997 0.2877609375 0.40017291666666666