1 0.1359375 0.41041666666666665 0.190625 0.4354166666666667 0.2796875 0.46041666666666664 0.278125 0.3770833333333333 0.159375 0.3375 0.1421875 0.3375 0.140625 0.34375 0.14375 0.39166666666666666 0.1359375 0.41041666666666665
1 0.296875 0.4625 0.303125 0.4666666666666667 0.4796875 0.45625 0.503125 0.45208333333333334 0.5125 0.4395833333333333 0.2984375 0.37916666666666665 0.2953125 0.43333333333333335 0.296875 0.4625
1 0.1265625 0.40208333333333335 0.1265625 0.3458333333333333 0.1203125 0.33125 0.03125 0.3104166666666667 0.0359375 0.375 0.1265625 0.40208333333333335
2 0.1078125 0.16666666666666666 0.1109375 0.19166666666666668 0.1203125 0.19791666666666666 0.121875 0.2833333333333333 0.10625 0.2833333333333333 0.1171875 0.2875 0.1265625 0.32708333333333334 0.128125 0.40208333333333335 0.1359375 0.41041666666666665 0.1421875 0.4 0.1359375 0.3229166666666667 0.1421875 0.2875 0.1359375 0.2791666666666667 0.134375 0.20625 0.1421875 0.1875 0.1625 0.18541666666666667 0.1734375 0.16875 0.1203125 0.15625 0.0546875 0.15625 0.05625 0.16458333333333333 0.1078125 0.16666666666666666
2 0.290625 0.46458333333333335 0.2953125 0.4479166666666667 0.2890625 0.18958333333333333 0.275 0.16875 0.28125 0.4583333333333333 0.290625 0.46458333333333335
2 0 0.2604166666666667 0.0125 0.26458333333333334 0.0203125 0.3645833333333333 0.0265625 0.36875 0.0234375 0.275 0.0359375 0.26875 0.0203125 0.22083333333333333 0.021875 0.19166666666666668 0.015625 0.17708333333333334 0.009375 0.19583333333333333 0.0140625 0.24166666666666667 0 0.2604166666666667
1 0.0125 0.3625 0.0171875 0.3375 0.0140625 0.3104166666666667 0.0015625 0.30833333333333335 0 0.35833333333333334 0.0125 0.3625
2 0.1796875 0.175 0.1984375 0.18333333333333332 0.271875 0.1875 0.328125 0.17083333333333334 0.0484375 0.15208333333333332 0.0515625 0.16458333333333333 0.1796875 0.175
2 0 0.16458333333333333 0.0421875 0.16041666666666668 0.040625 0.15416666666666667 0.021875 0.15208333333333332 0 0.15208333333333332 0 0.16458333333333333
2 0.1546875 0.3 0.190625 0.3020833333333333 0.1015625 0.2791666666666667 0.0953125 0.28125 0.1546875 0.3
2 0.2234375 0.3125 0.24375 0.3104166666666667 0.2046875 0.3020833333333333 0.19375 0.3020833333333333 0.2234375 0.3125
2 0.26875 0.31666666666666665 0.2578125 0.3125 0.2484375 0.3145833333333333 0.26875 0.31666666666666665