0 0 0.9979166666666667 0.9984375 0.9979166666666667 0.9984375 0.6104166666666667 0.8671875 0.56875 0.8375 0.5541666666666667 0.834375 0.5458333333333333 0.828125 0.5520833333333334 0.8078125 0.5479166666666667 0.6734375 0.48125 0.5984375 0.46875 0.5328125 0.41875 0.528125 0.4 0.5046875 0.3645833333333333 0.4625 0.36875 0.4375 0.35625 0.4234375 0.36875 0.4078125 0.3541666666666667 0.3875 0.37083333333333335 0.29093749999999996 0.3729166666666667 0.271875 0.35625 0.2703125 0.3729166666666667 0.2625 0.38125 0.240625 0.38125 0.2078125 0.4 0.0546875 0.4354166666666667 0.046875 0.42916666666666664 0 0.45 0 0.49583333333333335 0.0328125 0.4895833333333333 0.059375 0.47291666666666665 0.0953125 0.46875 0.2353515625 0.4270833333333333 0.0029296875 0.53515625 0 0.5708333333333333 0 0.9979166666666667
2 0.009375 0.20625 0.2578125 0.14375 0.496875 0.14583333333333334 0.4984375 0.13541666666666666 0.2609375 0.13125 0.0015625 0.19583333333333333 0 0.20625 0.009375 0.20625
2 0.2484375 0.3625 0.2546875 0.3625 0.246875 0.18125 0.240625 0.16041666666666668 0.2375 0.16666666666666666 0.24375 0.3375 0.2484375 0.3625
2 0.4796875 0.34791666666666665 0.484375 0.325 0.4796875 0.17083333333333334 0.4734375 0.17083333333333334 0.471875 0.18333333333333332 0.4734375 0.3375 0.4796875 0.34791666666666665
2 0.521875 0.3770833333333333 0.525 0.23541666666666666 0.51875 0.23541666666666666 0.5171875 0.25 0.515625 0.34375 0.521875 0.3770833333333333
2 0.6546875 0 0.565625 0.125 0.521875 0.13333333333333333 0.51875 0.225 0.525 0.22291666666666668 0.528125 0.18333333333333332 0.5578125 0.18333333333333332 0.5546875 0.41458333333333336 0.5625 0.42291666666666666 0.5671875 0.41041666666666665 0.5703125 0.15625 0.5796875 0.12916666666666668 0.6796875 0 0.6546875 0
2 0.6421875 0.45208333333333334 0.6484375 0.44166666666666665 0.65625 0.26666666666666666 0.840625 0.18958333333333333 0.865625 0.17708333333333334 0.8703125 0.16458333333333333 0.8546875 0.16458333333333333 0.78125 0.20416666666666666 0.6609375 0.25416666666666665 0.6546875 0.23541666666666666 0.6609375 0.08541666666666667 0.64375 0.08125 0.634375 0.26875 0.6296875 0.44166666666666665 0.6421875 0.45208333333333334
2 0.56875 0.14166666666666666 0.64375 0.04583333333333333 0.6546875 0.05416666666666667 0.65625 0.03125 0.6796875 0 0.65 0.00625 0.5640625 0.12708333333333333 0.5234375 0.13125 0.521875 0.15208333333333332 0.56875 0.14166666666666666
2 0.5609375 0.425 0.565625 0.40208333333333335 0.5640625 0.325 0.571875 0.29791666666666666 0.615625 0.2833333333333333 0.6296875 0.2708333333333333 0.56875 0.29583333333333334 0.5640625 0.19791666666666666 0.559375 0.20833333333333334 0.5546875 0.4083333333333333 0.5609375 0.425
2 0.9203125 0.15416666666666667 0.9984375 0.11666666666666667 0.9984375 0.09583333333333334 0.934375 0.12916666666666668 0.9046875 0.13333333333333333 0.9046875 0.15 0.9203125 0.15416666666666667
2 0.8921875 0.041666666666666664 0.9078125 0.07708333333333334 0.9171875 0.06041666666666667 0.91875 0.010416666666666666 0.8953125 0.004166666666666667 0.903125 0.01875 0.8921875 0.041666666666666664
2 0.8796875 0.09166666666666666 0.8875 0.09166666666666666 0.890625 0.004166666666666667 0.8828125 0.004166666666666667 0.878125 0.035416666666666666 0.8765625 0.08125 0.8796875 0.09166666666666666
2 0.86875 0.4270833333333333 0.8875 0.38958333333333334 0.85625 0.3875 0.85625 0.4270833333333333 0.86875 0.4270833333333333
2 0.521875 0.30416666666666664 0.528125 0.2625 0.525 0.23125 0.51875 0.24375 0.5171875 0.2916666666666667 0.521875 0.30416666666666664
2 0.8828125 0 0.8796875 0.008333333333333333 0.8484375 0.4354166666666667 0.8453125 0.5 0.8578125 0.5166666666666667 0.875 0.5208333333333334 0.884375 0.46041666666666664 0.921875 0 0.8828125 0
2 0.24375 0.26875 0.1015625 0.29791666666666666 0 0.32916666666666666 0.24375 0.26875
2 0.3171875 0.2625 0.3234375 0.275 0.3380203125 0.26458333333333334 0.3609375 0.2625 0.3203125 0.25833333333333336 0.3015625 0.2625 0.3171875 0.2625
2 0.25 0.26875 0.2953125 0.2625 0.2609375 0.25833333333333336 0.24375 0.2604166666666667 0.25 0.26875
2 0.4265625 0.2604166666666667 0.3875 0.25833333333333336 0.371875 0.2604166666666667 0.4265625 0.2604166666666667