1 0 0.9291666666666667 0.0140625 0.9375 0.009375 0.9729166666666667 0.015625 0.9770833333333333 0.0546875 0.9916666666666667 0.08125 0.975 0.084375 0.9854166666666667 0.0921875 0.98125 0.1 0.99375 0.9984375 0.9979166666666667 0.9984375 0.34791666666666665 0.959375 0.30416666666666664 0.9453125 0.3020833333333333 0.8875 0.25416666666666665 0.8796875 0.22916666666666666 0.8453125 0.19583333333333333 0.5734375 0.22083333333333333 0.4328125 0.28958333333333336 0.3015625 0.31666666666666665 0.00625 0.44166666666666665 0 0.4479166666666667 0 0.9291666666666667
2 0.128125 0 0.1359375 0.035416666666666666 0.1296875 0.052083333333333336 0.0140625 0.03125 0 0.03125 0 0.041666666666666664 0.1072921875 0.058333333333333334 0.128125 0.07708333333333334 0.14375 0.375 0.165625 0.37083333333333335 0.1578125 0.075 0.40625 0.10833333333333334 0.4140625 0.2875 0.43125 0.2791666666666667 0.4296875 0.11875 0.44375 0.11041666666666666 0.51875 0.1125 0.43125 0.10208333333333333 0.425 0 0.40625 0 0.40625 0.07708333333333334 0.390625 0.09791666666666667 0.1671875 0.058333333333333334 0.153125 0.04583333333333333 0.15 0 0.128125 0
2 0.5171875 0 0.521875 0.23333333333333334 0.5375 0.23333333333333334 0.546875 0.22708333333333333 0.5375 0.11875 0.5453125 0.014583333333333334 0.5390625 0 0.5171875 0
2 0.5875 0.21041666666666667 0.59375 0.20625 0.5953125 0.18958333333333333 0.5921875 0.014583333333333334 0.5890625 0.008333333333333333 0.575 0.014583333333333334 0.5765625 0.20625 0.5875 0.21041666666666667
2 0.290625 0.09166666666666666 0.3 0.09375 0.35625 0.09583333333333334 0.3765625 0.10625 0.4109375 0.10416666666666667 0.3109375 0.08333333333333333 0.2890625 0.08333333333333333 0.290625 0.09166666666666666
2 0.5203125 0.11458333333333333 0.515625 0.10833333333333334 0.43125 0.1 0.4328125 0.11041666666666666 0.5203125 0.11458333333333333
2 0.25 0.08333333333333333 0.246875 0.07083333333333333 0.225 0.07083333333333333 0.2234375 0.07916666666666666 0.25 0.08333333333333333
2 0.1953125 0.075 0.196875 0.06666666666666667 0.184375 0.06458333333333334 0.18125 0.07291666666666667 0.1953125 0.075
2 0.028125 0.035416666666666666 0.0078125 0.03125 0 0.0375 0.028125 0.035416666666666666
2 0.571875 0.11458333333333333 0.528125 0.11041666666666666 0.5234375 0.1125 0.571875 0.11458333333333333
2 0.2796875 0.0875 0.2640625 0.08125 0.2640625 0.0875 0.2796875 0.0875