2 0 0.47313333333333335 0.3547359375 0.38649374999999997 0.5771625 0.3914916666666667 0.582159375 0.37483125 0.3534859375 0.3665 0 0.4483333333333333 0 0.47313333333333335
0 0 0.9962729166666667 0.9984375 0.9979166666666667 0.9984375 0.9263250000000001 0.904553125 0.8680083333333334 0.7708468749999999 0.78636875 0.6846265625 0.7163895833333334 0.6533859375 0.70639375 0.603403125 0.6630729166666666 0.584659375 0.5847645833333334 0.3359921875 0.5880979166666667 0.1373078125 0.6430791666666666 0 0.6733333333333333 0 0.9962729166666667
2 0.081796875 0.5619583333333333 0.011421875000000003 0.18558333333333335
2 0.32753125 0.49883333333333335 0.014437500000000015 0.1718541666666667
2 0.554828125 0.5015416666666667 0.015328124999999915 0.15643750000000006
2 0.622015625 0.5442916666666666 0.022765625000000077 0.25560416666666674
2 0.6723125 0.5094375 0.03035937499999992 0.3805625
2 0.845265625 0.4075625 0.0813593749999999 0.8142708333333334
2 0.7621 0 0.6158984375000001 0.3764958333333333 0.5971546875 0.37316458333333336 0.59590625 0.39315833333333333 0.6271453124999999 0.3881604166666667 0.8058359375 0 0.7621 0
2 0.59590625 0.498125 0.59590625 0.5147875000000001 0.6246453125 0.5381125 0.675878125 0.51811875 0.9984375 0.27819374999999996 0.9953125 0.23375 0.62964375 0.5281166666666667 0.59590625 0.498125
2 0 0.5814333333333334 0.3447390625 0.5047895833333333 0.5746625 0.5131208333333334 0.5703125 0.49624999999999997 0.3459890625 0.4931270833333333 0 0.5714354166666666 0 0.5814333333333334