0 0 0.9979166666666667 0.9984375 0.9979166666666667 0.9984375 0.9829729166666666 0.8270781250000001 0.9079958333333333 0.685875 0.8346854166666666 0.5621671874999999 0.7946979166666667 0.47594531250000005 0.7597104166666667 0.4234625 0.74638125 0.3722296875 0.70639375 0.34723906250000003 0.7047270833333333 0.31475 0.6847333333333334 0.29600624999999997 0.6680729166666667 0.28475937500000004 0.5947625 0.034842187499999996 0.5964270833333334 0 0.6108333333333333 0 0.9979166666666667
2 0.030390624999999998 0.5188333333333334 0.013906249999999998 0.17850000000000002
2 0.259265625 0.5238333333333334 0.006015625000000036 0.1551666666666667
2 0.0573359375 0.38982500000000003 0.006103125 0.39982291666666664 0.0086015625 0.43314583333333334 0.0485875 0.41814999999999997 0.2735125 0.4314791666666667 0.28125 0.415 0.0573359375 0.38982500000000003
2 0.002353125 0.51811875 0.002353125 0.5447770833333333 0.0523375 0.5281166666666667 0.2747625 0.53478125 0.275 0.515 0.0523375 0.5014583333333333 0.002353125 0.51811875
2 0.6071515625 0 0.32099687499999996 0.4281479166666667 0.29475625 0.40815416666666665 0.2890625 0.6233333333333333 0.304753125 0.4348125 0.33224375 0.44814166666666666 0.6458890625 0 0.6071515625 0
2 0.322246875 0.6797354166666667 0.33349375000000003 0.446475 0.31875 0.45041666666666663 0.3085015625 0.6847333333333334 0.322246875 0.6797354166666667
2 0.36723125 0.7113916666666668 0.378478125 0.394825 0.360984375 0.40815416666666665 0.35 0.7025 0.36723125 0.7113916666666668
2 0.4309609375 0.7530458333333333 0.4671984375 0.7497125 0.4796875 0.25666666666666665 0.44845468750000006 0.29652291666666664 0.4309609375 0.7530458333333333
2 0.8258281249999999 0 0.7758453125 0.8713416666666667 0.8208296875000001 0.8930020833333334 0.8890625 0 0.8258281249999999 0
2 0.33099375000000003 0.55810625 0.3097515625 0.5214520833333334 0.3010046875 0.5364458333333334 0.33224375 0.5781 0.9970218750000001 0.26986458333333335 0.9984375 0.22541666666666668 0.33099375000000003 0.55810625